MNIST_classifier_convolution_8_100_0.1_0.0_42:98.7
MNIST_classifier_convolution_10_100_0.1_0.0_42:98.77142857142857
MNIST_classifier_convolution_8_100_0.1_0.25_42:98.64285714285714
MNIST_classifier_convolution_10_100_0.1_0.25_42:98.62857142857143
MNIST_classifier_convolution_8_100_0.1_0.5_42:98.62857142857143
MNIST_classifier_convolution_10_100_0.1_0.5_42:98.6
MNIST_classifier_convolution_8_100_0.05_0.0_42:98.32857142857144
MNIST_classifier_convolution_10_100_0.05_0.0_42:98.12857142857143
MNIST_classifier_convolution_8_100_0.05_0.25_42:98.3
MNIST_classifier_convolution_10_100_0.05_0.25_42:98.42857142857143
MNIST_classifier_convolution_8_100_0.05_0.5_42:98.25714285714285
MNIST_classifier_convolution_10_100_0.05_0.5_42:98.31428571428572
MNIST_classifier_convolution_8_200_0.1_0.0_42:98.24285714285715
MNIST_classifier_convolution_10_200_0.1_0.0_42:97.77142857142857
MNIST_classifier_convolution_8_200_0.1_0.25_42:98.28571428571429
MNIST_classifier_convolution_10_200_0.1_0.25_42:98.18571428571428
MNIST_classifier_convolution_8_200_0.1_0.5_42:98.25714285714285
MNIST_classifier_convolution_10_200_0.1_0.5_42:98.25714285714285
MNIST_classifier_convolution_8_200_0.05_0.0_42:97.65714285714286
MNIST_classifier_convolution_10_200_0.05_0.0_42:97.72857142857143
MNIST_classifier_convolution_8_200_0.05_0.25_42:97.55714285714285
MNIST_classifier_convolution_10_200_0.05_0.25_42:97.71428571428571
MNIST_classifier_convolution_8_200_0.05_0.5_42:97.11428571428571
MNIST_classifier_convolution_10_200_0.05_0.5_42:97.62857142857143
MNIST_classifier_convolution_8_280_0.1_0.0_42:98.35714285714286
MNIST_classifier_convolution_10_280_0.1_0.0_42:97.98571428571428
MNIST_classifier_convolution_8_280_0.1_0.25_42:98.14285714285714
MNIST_classifier_convolution_10_280_0.1_0.25_42:98.1
